-27,62,140
48,-17,145
13,-17,145
13,-17,146
1,-46,188
61,-55,193
-22,62,129
-22,63,129
-22,63,129
-23,62,128
-23,63,128
-23,63,128
-23,62,127
-23,63,127
-23,63,127
-22,62,127
-22,63,127
-22,63,127
-21,62,127
-21,63,127
-21,63,127
-21,62,128
-21,63,128
-21,63,128
-27,62,139
-79,-15,42
-27,62,145
-20,62,127
-20,63,127
-20,63,127
-26,62,147
-19,62,128
-19,63,128
-19,63,128
-19,62,129
-19,63,129
-19,63,129
-19,62,125
-19,63,125
-19,63,125
-20,62,125
-20,63,125
-20,63,125
-21,62,125
-21,63,125
-21,63,125
-89,79,192
13,-17,145
-72,21,62
-26,62,138
49,-17,145
-26,62,137
-26,62,148
-23,62,125
-23,63,125
-23,63,125
-19,62,123
-19,63,123
-19,63,123
-19,62,122
-19,63,122
-19,63,122
-20,62,121
-20,63,121
-20,63,121
-20,63,121
-20,64,121
-20,64,121
-20,64,121
-21,62,121
-21,63,121
-21,63,121
-21,62,122
-21,63,122
-21,63,122
70,-9,198
-22,62,123
-22,63,123
-22,63,123
-23,62,122
-23,63,122
-23,63,122
-23,62,121
-23,63,121
-23,63,121
-23,63,121
-22,63,121
-22,63,121
-27,62,133
60,-49,194
-21,62,119
-21,63,119
-21,63,119
-20,62,119
-20,63,119
-20,63,119
-20,62,118
-20,63,118
-83,82,180
-20,63,118
-19,62,118
-19,63,118
-19,63,118
-19,62,117
-19,63,117
-19,63,117
13,-17,146
-21,62,117
-21,63,117
-21,63,117
-22,62,117
-22,63,117
-22,63,117
-22,62,118
-22,63,118
-22,63,118
-26,62,141
-19,62,115
-19,63,115
-19,63,115
-20,62,115
-20,63,115
-20,63,115
-21,62,115
-21,63,115
-21,63,115
-22,62,115
-22,63,115
-22,63,115
-22,62,114
-22,63,114
-22,63,114
-21,62,113
-21,63,113
-21,63,113
-22,62,112
-22,63,112
-22,63,112
-26,62,142
-22,62,111
-22,63,111
-22,63,111
-21,62,111
-21,63,111
-21,63,111
-20,62,111
-20,63,111
-20,63,111
-19,62,111
-19,63,111
-19,63,111
-21,62,109
-21,63,109
-21,63,109
-20,62,108
-20,63,108
-20,63,108
-19,62,108
-19,63,108
-19,63,108
-19,62,107
-19,63,107
-19,63,107
-22,62,108
-22,63,108
-22,63,108
-23,62,108
-23,63,108
-23,63,108
-23,62,107
-23,63,107
-23,63,107
60,-50,192
-20,62,105
-20,63,105
-20,63,105
-21,62,105
-21,63,105
-21,63,105
-22,62,105
-22,63,105
-22,63,105
-85,24,124
-19,62,104
-19,63,104
-19,63,104
-20,62,103
-20,63,103
-20,63,103
-19,62,102
-19,63,102
-19,63,102
-20,62,101
-20,63,101
-20,63,101
-21,62,101
-21,63,101
-21,63,101
-22,62,101
-22,63,101
-22,63,101
-27,62,136
-20,62,99
-20,63,99
-20,63,99
-19,62,98
-19,63,98
-19,63,98
-19,62,97
-19,63,97
-19,63,97
-27,62,141
-20,62,96
-20,63,96
-20,63,96
-21,62,97
-21,63,97
-21,63,97
-22,62,96
-22,63,96
-22,63,96
-23,62,97
-23,63,97
-23,63,97
-26,62,143
-23,62,98
-23,63,98
-23,63,98
-22,62,99
-22,63,99
-22,63,99
-19,62,94
-19,63,94
-19,63,94
-19,62,93
-19,63,93
-19,63,93
-19,62,92
-19,63,92
-19,63,92
-19,62,89
-19,63,89
-19,63,89
-19,62,90
-19,63,90
-19,63,90
-20,62,90
-20,63,90
-20,63,90
-21,62,90
-21,63,90
-21,63,90
-22,62,90
-22,63,90
-22,63,90
-23,62,90
-23,63,90
-23,63,90
-19,62,85
-19,63,85
-19,63,85
-19,62,84
-19,63,84
-19,63,84
-20,62,86
-20,63,86
-20,63,86
-21,62,86
-21,63,86
-21,63,86
-22,62,86
-22,63,86
-22,63,86
-23,62,85
-23,63,85
-23,63,85
-23,62,84
-23,63,84
-23,63,84
-22,62,83
-22,63,83
-22,63,83
-21,62,83
-21,63,83
-21,63,83
-20,62,83
-20,63,83
-20,63,83
-85,24,124
-22,62,81
-22,63,81
-22,63,81
-21,62,81
-21,63,81
-21,63,81
-21,63,81
-20,63,81
-20,63,81
-19,62,80
-19,63,80
-19,63,80
-22,62,79
-22,63,79
-22,63,79
-21,62,79
-21,63,79
-21,63,79
-20,62,79
-20,63,79
-20,63,79
-26,62,134
-83,82,180
-22,62,77
-22,63,77
-22,63,77
-23,62,76
-23,63,76
-23,63,76
-23,62,75
-23,63,75
-23,63,75
-22,62,74
-22,63,74
-22,63,74
-21,62,75
-21,63,75
-21,63,75
-20,62,74
-20,63,74
-20,63,74
-19,62,75
-19,63,75
-19,63,75
-89,79,192
-19,62,76
-19,63,76
-19,63,76
-20,62,77
-20,63,77
-20,63,77
-19,62,72
-19,63,72
-19,63,72
-19,62,71
-19,63,71
-19,63,71
-19,62,70
-19,63,70
-19,63,70
-19,62,68
-19,63,68
-19,63,68
-26,62,140
-20,62,68
-20,63,68
-20,63,68
-20,62,67
-20,63,67
-20,63,67
-21,62,66
-21,63,66
-21,63,66
-22,62,67
-22,63,67
-22,63,67
-22,62,68
-22,63,68
-22,63,68
-21,62,68
-21,63,68
-21,63,68
-19,62,63
-19,63,63
-19,63,63
-19,62,64
-19,63,64
-19,63,64
-20,62,64
-20,63,64
-20,63,64
-21,62,64
-21,63,64
-21,63,64
-22,62,64
-22,63,64
-22,63,64
-23,62,64
-23,63,64
-23,63,64
-19,62,60
-19,63,60
-19,63,60
-19,62,59
-19,63,59
-19,63,59
-26,62,136
-19,62,58
-19,63,58
-19,63,58
-20,62,59
-20,63,59
-20,63,59
-21,62,59
-21,63,59
-21,63,59
-22,62,59
-22,63,59
-22,63,59
-23,62,59
-23,63,59
-23,63,59
-22,62,60
-22,63,60
-22,63,60
-27,62,142
-19,62,56
-19,63,56
-19,63,56
-20,62,55
-20,63,55
-20,63,55
-21,62,56
-21,63,56
-21,63,56
-22,62,56
-22,63,56
-22,63,56
-22,62,54
-22,63,54
-22,63,54
-21,62,54
-21,63,54
-21,63,54
-19,62,52
-19,63,52
-19,63,52
-19,62,51
-19,63,51
-19,63,51
-19,62,50
-19,63,50
-19,63,50
85,-32,51
-20,62,51
-20,63,51
-20,63,51
-21,62,51
-21,63,51
-21,63,51
-22,62,51
-22,63,51
-22,63,51
-23,62,51
-23,63,51
-23,63,51
-22,62,52
-22,63,52
-22,63,52
-19,62,48
-19,63,48
-19,63,48
-20,62,48
-20,63,48
-20,63,48
-21,62,48
-21,63,48
-21,63,48
-22,62,48
-22,63,48
-22,63,48
-22,62,47
-22,63,47
-22,63,47
-22,62,46
-22,63,46
-22,63,46
-21,62,45
-21,63,45
-21,63,45
-20,62,45
-20,63,45
-20,63,45
-19,62,45
-19,63,45
-19,63,45
-19,62,43
-19,63,43
-19,63,43
-19,62,42
-19,63,42
-19,63,42
-19,62,41
-19,63,41
-19,63,41
-19,62,39
-19,63,39
-19,63,39
-20,62,39
-20,63,39
-20,63,39
-21,62,39
-21,63,39
-21,63,39
-22,62,39
-22,63,39
-22,63,39
-23,62,39
-23,63,39
-23,63,39
85,-40,50
-121,83,78
-22,62,38
-22,63,38
-22,63,38
-21,62,37
-21,63,37
-21,63,37
-22,62,36
-22,63,36
-22,63,36
-23,62,35
-23,63,35
-23,63,35
-22,62,35
-22,63,35
-22,63,35
-21,62,35
-21,63,35
-21,63,35
-20,62,35
-20,63,35
-20,63,35
-19,62,35
-19,63,35
-19,63,35
-20,62,33
-20,63,33
-20,63,33
-22,62,33
-22,63,33
-22,63,33
-22,63,33
-21,63,33
-21,63,33
-19,62,32
-19,63,32
-19,63,32
-19,62,31
-19,63,31
-19,63,31
-19,62,30
-19,63,30
-19,63,30
-23,62,32
-23,63,32
-23,63,32
-23,62,31
-23,63,31
-23,63,31
-23,62,30
-23,63,30
-23,63,30
-19,62,28
-19,63,28
-19,63,28
-19,62,27
-19,63,27
-19,63,27
-19,62,26
-19,63,26
-19,63,26
-19,62,24
-19,63,24
-19,63,24
-19,62,23
-19,63,23
-19,63,23
-19,62,22
-19,63,22
-19,63,22
-20,62,21
-20,63,21
-20,63,21
-21,62,22
-21,63,22
-21,63,22
-21,62,23
-21,63,23
-21,63,23
-22,62,24
-22,63,24
-22,63,24
-23,62,23
-23,63,23
-23,63,23
-23,62,22
-23,63,22
-23,63,22
-23,62,21
-23,63,21
-23,63,21
-160,71,-74
-19,62,19
-19,63,19
-19,63,19
-20,62,19
-20,63,19
-20,63,19
-21,62,19
-21,63,19
-21,63,19
-22,62,19
-22,63,19
-22,63,19
-23,62,19
-23,63,19
-23,63,19
-22,62,18
-22,63,18
-22,63,18
-21,62,17
-21,63,17
-21,63,17
-22,62,16
-22,63,16
-22,63,16
-23,62,15
-23,63,15
-23,63,15
-22,62,15
-22,63,15
-22,63,15
-21,62,15
-21,63,15
-21,63,15
-20,62,15
-20,63,15
-20,63,15
-19,62,15
-19,63,15
-19,63,15
-19,62,13
-19,63,13
-19,63,13
-20,62,13
-20,63,13
-20,63,13
-21,62,13
-21,63,13
-21,63,13
-22,62,13
-22,63,13
-22,63,13
-23,62,13
-23,63,13
-23,63,13
-23,62,12
-23,63,12
-23,63,12
-23,62,11
-23,63,11
-23,63,11
-22,62,10
-22,63,10
-22,63,10
-21,62,11
-21,63,11
-21,63,11
-21,62,12
-21,63,12
-21,63,12
-23,62,8
-23,63,8
-23,63,8
-23,62,7
-23,63,7
-23,63,7
-22,62,7
-22,63,7
-22,63,7
-21,62,6
-21,63,6
-21,63,6
-20,62,7
-20,63,7
-20,63,7
-19,62,7
-19,63,7
-19,63,7
-19,62,8
-19,63,8
-19,63,8
74,-8,190
-14,62,143
-14,63,143
-14,63,143
-14,63,143
-14,64,143
-14,64,143
-14,64,143
-14,65,143
-14,65,143
-14,65,143
-14,66,143
-14,66,143
-14,62,149
-14,63,149
-14,63,149
-14,63,149
-14,64,149
-14,64,149
-14,64,149
-14,65,149
-14,65,149
-14,65,149
-14,66,149
-14,66,149
-107,-25,149
-21,62,149
-21,63,149
-21,63,149
-21,63,149
-21,64,149
-21,64,149
-21,64,149
-21,65,149
-21,65,149
-21,65,149
-21,66,149
-21,66,149
-21,62,143
-21,63,143
-21,63,143
-21,63,143
-21,64,143
-21,64,143
-21,64,143
-21,65,143
-21,65,143
-21,65,143
-21,66,143
-21,66,143
-14,66,143
-15,66,143
-15,66,143
-15,66,143
-16,66,143
-16,66,143
-16,66,143
-17,66,143
-17,66,143
-17,66,143
-18,66,143
-18,66,143
-18,66,143
-19,66,143
-19,66,143
-19,66,143
-20,66,143
-20,66,143
-21,66,149
-21,66,148
-21,66,148
-21,66,148
-21,66,147
-21,66,147
-21,66,147
-21,66,146
-21,66,146
-21,66,146
-21,66,145
-21,66,145
-21,66,145
-21,66,144
-21,66,144
-21,66,149
-20,66,149
-20,66,149
-20,66,149
-19,66,149
-19,66,149
-19,66,149
-18,66,149
-18,66,149
-18,66,149
-17,66,149
-17,66,149
-17,66,149
-16,66,149
-16,66,149
-16,66,149
-15,66,149
-15,66,149
-14,66,149
-14,66,148
-14,66,148
-15,66,149
-15,66,148
-15,66,148
-15,66,148
-14,66,148
-14,66,147
-14,66,147
-14,66,147
-14,66,146
-14,66,146
-14,66,146
-14,66,145
-14,66,145
-14,66,145
-14,66,144
-14,66,144
-14,62,146
-14,63,146
-14,63,146
-14,63,146
-14,64,146
-14,64,146
-14,64,146
-14,65,146
-14,65,146
-17,62,143
-17,63,143
-17,63,143
-17,63,143
-17,64,143
-17,64,143
-17,64,143
-17,65,143
-17,65,143
-21,62,146
-21,63,146
-21,63,146
-21,63,146
-21,64,146
-21,64,146
-21,64,146
-21,65,146
-21,65,146
-17,62,149
-17,63,149
-17,63,149
-17,63,149
-17,64,149
-17,64,149
-17,64,149
-17,65,149
-17,65,149
-18,62,149
-18,63,149
-18,63,149
-18,63,149
-18,64,149
-18,64,149
-18,64,149
-18,65,149
-18,65,149
-18,62,143
-18,63,143
-18,63,143
-18,63,143
-18,64,143
-18,64,143
-18,64,143
-18,65,143
-18,65,143
